<!DOCTYPE HTML>
<html>
  <head>
    <meta charset="UTF-8">
    <title>TOMTOM</title>
    <script>
      // @JSON_VAR data
      var data = {
        "program": "Tomtom",
        "version": "5.1.0",
        "release": "Fri Oct 11 15:53:28 2019 -0700",
        "cmd": ["tomtom", "query.meme", "database.meme"],
        "options": {
          "strands": "both",
          "distance_measure": "ed",
          "threshold_type": "qvalue",
          "threshold_value": 0.5,
          "background_source": "--query--"
        },
        "alphabet": {
          "name": "DNA",
          "like": "dna",
          "ncore": 4,
          "symbols": [
            {
              "symbol": "A",
              "name": "Adenine",
              "colour": "CC0000",
              "complement": "T"
            }, {
              "symbol": "C",
              "name": "Cytosine",
              "colour": "0000CC",
              "complement": "G"
            }, {
              "symbol": "G",
              "name": "Guanine",
              "colour": "FFB300",
              "complement": "C"
            }, {
              "symbol": "T",
              "aliases": "U",
              "name": "Thymine",
              "colour": "008000",
              "complement": "A"
            }, {
              "symbol": "N",
              "aliases": "X.",
              "name": "Any base",
              "equals": "ACGT"
            }, {
              "symbol": "V",
              "name": "Not T",
              "equals": "ACG"
            }, {
              "symbol": "H",
              "name": "Not G",
              "equals": "ACT"
            }, {
              "symbol": "D",
              "name": "Not C",
              "equals": "AGT"
            }, {
              "symbol": "B",
              "name": "Not A",
              "equals": "CGT"
            }, {
              "symbol": "M",
              "name": "Amino",
              "equals": "AC"
            }, {
              "symbol": "R",
              "name": "Purine",
              "equals": "AG"
            }, {
              "symbol": "W",
              "name": "Weak",
              "equals": "AT"
            }, {
              "symbol": "S",
              "name": "Strong",
              "equals": "CG"
            }, {
              "symbol": "Y",
              "name": "Pyrimidine",
              "equals": "CT"
            }, {
              "symbol": "K",
              "name": "Keto",
              "equals": "GT"
            }
          ]
        },
        "background": [0.25, 0.25, 0.25, 0.25],
        "query_dbs": [
          {
            "source": "query.meme",
            "name": "query",
            "loaded": 368,
            "excluded": 0,
            "last_modified": "Thu Jun 16 16:28:35 2022"
          }
        ],
        "target_dbs": [
          {
            "source": "database.meme",
            "name": "database",
            "loaded": 769,
            "excluded": 0,
            "last_modified": "Thu Mar 17 17:59:30 2022"
          }
        ],
        "queries": [
          {
            "db": 0,
            "id": "0000_383_2.0675_0.8574_0_27",
            "len": 28,
            "nsites": 998,
            "pwm": [
              [0.16049, 0.368092, 0.187569, 0.283849], 
              [0.277552, 0.20241, 0.212429, 0.307609], 
              [0.260259, 0.319312, 0.21722, 0.203208], 
              [0.141294, 0.36071, 0.324642, 0.173355], 
              [0.388764, 0.364718, 0.141294, 0.105225], 
              [0.175358, 0.246493, 0.362714, 0.215434], 
              [0.229461, 0.303602, 0.33967, 0.127267], 
              [0.259518, 0.321636, 0.141294, 0.277552], 
              [0.270539, 0.384756, 0.236474, 0.10823], 
              [0.220223, 0.322315, 0.189195, 0.268266], 
              [0.183374, 0.254509, 0.349689, 0.212429], 
              [0.320634, 0.220444, 0.280558, 0.178364], 
              [0.234471, 0.314623, 0.18137, 0.269537], 
              [0.342676, 0.347685, 0.125263, 0.184376], 
              [0.224452, 0.309613, 0.211427, 0.254509], 
              [0.304604, 0.261522, 0.20241, 0.231465], 
              [0.305605, 0.362714, 0.159328, 0.172353], 
              [0.234471, 0.372733, 0.190387, 0.20241], 
              [0.284281, 0.309303, 0.156165, 0.25025], 
              [0.33967, 0.283564, 0.226455, 0.150311], 
              [0.288573, 0.283564, 0.154319, 0.273545], 
              [0.25551, 0.190387, 0.264528, 0.289575], 
              [0.101319, 0.353049, 0.349037, 0.196595], 
              [0.25551, 0.357704, 0.154319, 0.232467], 
              [0.121255, 0.349689, 0.220444, 0.308611], 
              [0.265529, 0.278554, 0.288573, 0.167343], 
              [0.20241, 0.225453, 0.278554, 0.293583], 
              [0.228459, 0.203412, 0.330653, 0.237476]
            ]
          }, {
            "db": 0,
            "id": "0000_383_2.0675_0.8574_29_71",
            "len": 43,
            "nsites": 998,
            "pwm": [
              [0.294585, 0.28156, 0.299594, 0.124261], 
              [0.232234, 0.310304, 0.269267, 0.188194], 
              [0.242729, 0.31193, 0.224677, 0.220665], 
              [0.208212, 0.249249, 0.265263, 0.277274], 
              [0.11713, 0.355344, 0.258257, 0.269267], 
              [0.270268, 0.231233, 0.315308, 0.18319], 
              [0.168345, 0.422829, 0.118249, 0.290577], 
              [0.238478, 0.279556, 0.361712, 0.120253], 
              [0.129271, 0.303602, 0.18137, 0.385758], 
              [0.118249, 0.402791, 0.3026, 0.17636], 
              [0.191581, 0.154473, 0.300898, 0.353049], 
              [0.180368, 0.250501, 0.39177, 0.177362], 
              [0.147157, 0.31731, 0.231233, 0.304299], 
              [0.124261, 0.358706, 0.272543, 0.24449], 
              [0.306607, 0.192391, 0.330653, 0.170349], 
              [0.235472, 0.31863, 0.300596, 0.145301], 
              [0.1974, 0.382753, 0.219442, 0.200406], 
              [0.165504, 0.447322, 0.183558, 0.203616], 
              [0.201408, 0.274547, 0.303602, 0.220444], 
              [0.330985, 0.163499, 0.339008, 0.166507], 
              [0.220665, 0.226682, 0.230694, 0.321959], 
              [0.190387, 0.49196, 0.157324, 0.16033], 
              [0.362714, 0.328649, 0.229461, 0.0791751], 
              [0.217438, 0.291579, 0.265529, 0.225453], 
              [0.127267, 0.462905, 0.180368, 0.229461], 
              [0.207419, 0.316626, 0.275548, 0.200406], 
              [0.258775, 0.264793, 0.221668, 0.254764], 
              [0.123259, 0.226455, 0.347685, 0.3026], 
              [0.165339, 0.118249, 0.46591, 0.250501], 
              [0.224452, 0.207419, 0.347685, 0.220444], 
              [0.215218, 0.122135, 0.1942, 0.468446], 
              [0.121134, 0.22823, 0.377364, 0.273271], 
              [0.264263, 0.200205, 0.310304, 0.225227], 
              [0.198402, 0.272543, 0.16033, 0.368725], 
              [0.188383, 0.217438, 0.137286, 0.456893], 
              [0.171351, 0.317628, 0.263526, 0.247495], 
              [0.144155, 0.459438, 0.190196, 0.20621], 
              [0.257514, 0.381751, 0.245491, 0.115244], 
              [0.450882, 0.118249, 0.196398, 0.234471], 
              [0.248746, 0.116362, 0.21565, 0.419241], 
              [0.248746, 0.171523, 0.458354, 0.121377], 
              [0.190387, 0.124261, 0.443869, 0.241484], 
              [0.443869, 0.107228, 0.277552, 0.171351]
            ]
          }, {
            "db": 0,
            "id": "0001_267_1.0542_0.0935_112_129",
            "len": 18,
            "nsites": 998,
            "pwm": [
              [0.222448, 0.115244, 0.434851, 0.227457], 
              [0.210214, 0.201206, 0.188194, 0.400385], 
              [0.332324, 0.124137, 0.343334, 0.200205], 
              [0.314623, 0.242486, 0.105225, 0.337666], 
              [0.229461, 0.178364, 0.367723, 0.224452], 
              [0.0982112, 0.315624, 0.31863, 0.267533], 
              [0.140292, 0.3026, 0.384756, 0.172353], 
              [0.143298, 0.251503, 0.203412, 0.401789], 
              [0.222448, 0.365719, 0.309613, 0.102219], 
              [0.184561, 0.197598, 0.21565, 0.402192], 
              [0.190578, 0.362075, 0.189575, 0.257772], 
              [0.261522, 0.249499, 0.288573, 0.200406], 
              [0.314623, 0.184376, 0.145301, 0.3557], 
              [0.29759, 0.206417, 0.151313, 0.34468], 
              [0.427838, 0.1443, 0.305605, 0.122257], 
              [0.329651, 0.154319, 0.236474, 0.279556], 
              [0.363716, 0.3026, 0.188383, 0.145301], 
              [0.149309, 0.214433, 0.468916, 0.167343]
            ]
          }, {
            "db": 0,
            "id": "0002_335_2.2848_1.8765_111_121",
            "len": 11,
            "nsites": 998,
            "pwm": [
              [0.390157, 0.269807, 0.144444, 0.195592], 
              [0.173355, 0.167343, 0.228459, 0.430844], 
              [0.21844, 0.227457, 0.415815, 0.138288], 
              [0.411808, 0.208421, 0.214433, 0.165339], 
              [0.17218, 0.188194, 0.27227, 0.367355], 
              [0.22345, 0.238478, 0.397781, 0.140292], 
              [0.20161, 0.184561, 0.396174, 0.217656], 
              [0.145156, 0.184191, 0.256255, 0.414398], 
              [0.161332, 0.42884, 0.24449, 0.165339], 
              [0.358063, 0.150461, 0.229691, 0.261784], 
              [0.0982112, 0.287571, 0.201408, 0.41281]
            ]
          }, {
            "db": 0,
            "id": "0002_335_2.2848_1.8765_130_140",
            "len": 11,
            "nsites": 998,
            "pwm": [
              [0.169517, 0.187569, 0.226682, 0.416232], 
              [0.135282, 0.363716, 0.372733, 0.128269], 
              [0.230463, 0.188383, 0.192391, 0.388764], 
              [0.180368, 0.175358, 0.421827, 0.222448], 
              [0.359708, 0.209423, 0.209423, 0.221446], 
              [0.355054, 0.150461, 0.309924, 0.184561], 
              [0.164338, 0.467914, 0.228459, 0.13929], 
              [0.321636, 0.184376, 0.291579, 0.20241], 
              [0.170349, 0.209423, 0.271541, 0.348687], 
              [0.205415, 0.479937, 0.178364, 0.136284], 
              [0.185377, 0.266531, 0.18137, 0.366721]
            ]
          }, {
            "db": 0,
            "id": "0002_335_2.2848_1.8765_21_31",
            "len": 11,
            "nsites": 998,
            "pwm": [
              [0.356702, 0.230463, 0.203412, 0.209423], 
              [0.232234, 0.256255, 0.152162, 0.359348], 
              [0.127267, 0.18137, 0.443869, 0.247495], 
              [0.157481, 0.198601, 0.420244, 0.223674], 
              [0.1974, 0.234471, 0.419823, 0.148307], 
              [0.165339, 0.44988, 0.162334, 0.222448], 
              [0.388374, 0.18319, 0.201206, 0.227229], 
              [0.158326, 0.261522, 0.214433, 0.365719], 
              [0.166341, 0.448878, 0.246493, 0.138288], 
              [0.319632, 0.250501, 0.131275, 0.298592], 
              [0.227229, 0.187193, 0.234236, 0.351341]
            ]
          }, {
            "db": 0,
            "id": "0004_685_2.6622_2.3117_0_48",
            "len": 49,
            "nsites": 998,
            "pwm": [
              [0.294585, 0.287571, 0.29759, 0.120253], 
              [0.158484, 0.236711, 0.400186, 0.204619], 
              [0.203616, 0.207627, 0.397177, 0.191581], 
              [0.159328, 0.427838, 0.252505, 0.16033], 
              [0.24449, 0.334661, 0.231465, 0.189385], 
              [0.21844, 0.235472, 0.265529, 0.280558], 
              [0.156165, 0.22823, 0.375362, 0.240241], 
              [0.217656, 0.265795, 0.359066, 0.157481], 
              [0.201408, 0.245491, 0.321636, 0.231465], 
              [0.17636, 0.415815, 0.233469, 0.174357], 
              [0.296588, 0.251503, 0.329651, 0.122257], 
              [0.214433, 0.274547, 0.332657, 0.178364], 
              [0.235472, 0.395777, 0.231465, 0.137286], 
              [0.314623, 0.307609, 0.206417, 0.171351], 
              [0.337328, 0.282279, 0.20621, 0.174182], 
              [0.218659, 0.367089, 0.210636, 0.203616], 
              [0.324317, 0.258257, 0.227229, 0.190196], 
              [0.242729, 0.369095, 0.191581, 0.196595], 
              [0.362351, 0.232234, 0.1952, 0.210214], 
              [0.209423, 0.315624, 0.170349, 0.304604], 
              [0.251503, 0.403793, 0.150311, 0.194395], 
              [0.212429, 0.228459, 0.379747, 0.179366], 
              [0.212429, 0.309613, 0.304604, 0.173355], 
              [0.23948, 0.267533, 0.203412, 0.289575], 
              [0.268535, 0.420825, 0.142296, 0.168345], 
              [0.228459, 0.262524, 0.294585, 0.214433], 
              [0.269537, 0.206417, 0.229461, 0.294585], 
              [0.174357, 0.317628, 0.208421, 0.299594], 
              [0.158484, 0.216653, 0.268804, 0.356057], 
              [0.180187, 0.20621, 0.42841, 0.185191], 
              [0.311617, 0.259518, 0.235472, 0.193393], 
              [0.156322, 0.431846, 0.207419, 0.204414], 
              [0.356345, 0.243244, 0.192198, 0.208212], 
              [0.189385, 0.221446, 0.188383, 0.400787], 
              [0.201408, 0.285567, 0.209423, 0.303602], 
              [0.292581, 0.206417, 0.142296, 0.358706], 
              [0.1443, 0.364718, 0.214433, 0.27655], 
              [0.353697, 0.200406, 0.283564, 0.162334], 
              [0.182372, 0.330653, 0.258516, 0.228459], 
              [0.279556, 0.228459, 0.300596, 0.191389], 
              [0.182372, 0.33967, 0.184376, 0.293583], 
              [0.190387, 0.322638, 0.287571, 0.199404], 
              [0.4078, 0.205415, 0.216436, 0.170349], 
              [0.166507, 0.229691, 0.172526, 0.431276], 
              [0.192198, 0.352342, 0.311305, 0.144155], 
              [0.100316, 0.349037, 0.182555, 0.368092], 
              [0.315624, 0.209423, 0.319632, 0.15532], 
              [0.399183, 0.176537, 0.169517, 0.254764], 
              [0.164173, 0.230232, 0.311305, 0.29429]
            ]
          }, {
            "db": 0,
            "id": "0005_267_2.6827_1.8288_0_37",
            "len": 38,
            "nsites": 998,
            "pwm": [
              [0.219442, 0.238478, 0.261522, 0.280558], 
              [0.183374, 0.171351, 0.460901, 0.184376], 
              [0.326973, 0.196595, 0.309924, 0.166507], 
              [0.206417, 0.441865, 0.225453, 0.126265], 
              [0.197598, 0.274822, 0.240723, 0.286857], 
              [0.333659, 0.267533, 0.226455, 0.172353], 
              [0.20621, 0.303298, 0.208212, 0.282279], 
              [0.222448, 0.228459, 0.164338, 0.384756], 
              [0.174532, 0.212642, 0.43629, 0.176537], 
              [0.264263, 0.431413, 0.151161, 0.153163], 
              [0.330322, 0.247247, 0.141152, 0.281278], 
              [0.231465, 0.290577, 0.338668, 0.13929], 
              [0.281843, 0.230694, 0.321959, 0.165504], 
              [0.187381, 0.20241, 0.243488, 0.366721], 
              [0.317628, 0.215434, 0.278554, 0.188383], 
              [0.273819, 0.26379, 0.155475, 0.306915], 
              [0.214433, 0.305605, 0.208421, 0.271541], 
              [0.227229, 0.265263, 0.333325, 0.174182], 
              [0.437857, 0.22345, 0.158326, 0.180368], 
              [0.214433, 0.26052, 0.317628, 0.207419], 
              [0.227457, 0.166341, 0.39177, 0.214433], 
              [0.333994, 0.218659, 0.2327, 0.214648], 
              [0.292581, 0.263526, 0.177362, 0.266531], 
              [0.183558, 0.37411, 0.281843, 0.16049], 
              [0.39177, 0.206417, 0.23948, 0.162334], 
              [0.22345, 0.305605, 0.138288, 0.332657], 
              [0.226455, 0.226455, 0.350691, 0.196398], 
              [0.279556, 0.151313, 0.359708, 0.209423], 
              [0.124261, 0.229461, 0.33967, 0.306607], 
              [0.149309, 0.188383, 0.313621, 0.348687], 
              [0.1974, 0.36071, 0.204414, 0.237476], 
              [0.338329, 0.285281, 0.13915, 0.237238], 
              [0.196398, 0.347685, 0.184376, 0.271541], 
              [0.214433, 0.264528, 0.257514, 0.263526], 
              [0.265529, 0.24449, 0.163336, 0.326645], 
              [0.182555, 0.19459, 0.320956, 0.301901], 
              [0.225453, 0.186379, 0.394775, 0.193393], 
              [0.173355, 0.29759, 0.209423, 0.319632]
            ]
          }, {
            "db": 0,
            "id": "0005_267_2.6827_1.8288_39_48",
            "len": 10,
            "nsites": 998,
            "pwm": [
              [0.189385, 0.194395, 0.322638, 0.293583], 
              [0.258516, 0.349689, 0.221446, 0.170349], 
              [0.212216, 0.444425, 0.184191, 0.159168], 
              [0.186379, 0.419823, 0.163336, 0.230463], 
              [0.181552, 0.296886, 0.141435, 0.380127], 
              [0.179186, 0.308302, 0.332324, 0.180187], 
              [0.28328, 0.366354, 0.17218, 0.178185], 
              [0.397781, 0.185377, 0.201408, 0.215434], 
              [0.125263, 0.175358, 0.388764, 0.310615], 
              [0.115244, 0.348687, 0.263526, 0.272543]
            ]
          }, {
            "db": 0,
            "id": "0006_235_2.6722_2.0846_0_48",
            "len": 49,
            "nsites": 998,
            "pwm": [
              [0.348034, 0.293878, 0.17754, 0.180549], 
              [0.261784, 0.198601, 0.38815, 0.151464], 
              [0.270539, 0.326645, 0.291579, 0.111236], 
              [0.352342, 0.218221, 0.197202, 0.232234], 
              [0.258775, 0.294881, 0.294881, 0.151464], 
              [0.236237, 0.256255, 0.332324, 0.175182], 
              [0.112238, 0.305605, 0.235472, 0.346683], 
              [0.132409, 0.2327, 0.395171, 0.23972], 
              [0.165504, 0.31193, 0.308921, 0.213645], 
              [0.330653, 0.250501, 0.29759, 0.121255], 
              [0.285567, 0.405796, 0.184376, 0.124261], 
              [0.157324, 0.263526, 0.410806, 0.168345], 
              [0.286569, 0.293583, 0.267533, 0.152315], 
              [0.367089, 0.217656, 0.21565, 0.199604], 
              [0.130403, 0.214648, 0.266798, 0.38815], 
              [0.1974, 0.187381, 0.3557, 0.259518], 
              [0.17218, 0.39438, 0.238239, 0.1952], 
              [0.212429, 0.290577, 0.17636, 0.320634], 
              [0.16049, 0.483427, 0.216653, 0.139429], 
              [0.338668, 0.291579, 0.177362, 0.192391], 
              [0.353697, 0.20241, 0.201408, 0.242486], 
              [0.347031, 0.268804, 0.20161, 0.182555], 
              [0.148307, 0.308611, 0.308611, 0.234471], 
              [0.222225, 0.364353, 0.1942, 0.219222], 
              [0.186566, 0.393166, 0.199604, 0.220665], 
              [0.284852, 0.237714, 0.191581, 0.285854], 
              [0.193199, 0.159168, 0.343334, 0.304299], 
              [0.252505, 0.210425, 0.362714, 0.174357], 
              [0.141294, 0.42884, 0.240482, 0.189385], 
              [0.382753, 0.296588, 0.142296, 0.178364], 
              [0.184561, 0.310927, 0.100316, 0.404198], 
              [0.321636, 0.185377, 0.3026, 0.190387], 
              [0.1443, 0.315624, 0.182372, 0.357704], 
              [0.199404, 0.157324, 0.384756, 0.258516], 
              [0.250501, 0.208421, 0.329651, 0.211427], 
              [0.201408, 0.291579, 0.23948, 0.267533], 
              [0.262524, 0.23948, 0.237476, 0.26052], 
              [0.217656, 0.316944, 0.296886, 0.168514], 
              [0.150311, 0.315624, 0.292581, 0.241484], 
              [0.245491, 0.384756, 0.219442, 0.150311], 
              [0.290577, 0.275548, 0.182372, 0.251503], 
              [0.356702, 0.201408, 0.354699, 0.0871903], 
              [0.109232, 0.301598, 0.204414, 0.384756], 
              [0.163336, 0.312619, 0.370729, 0.153317], 
              [0.201408, 0.291579, 0.179366, 0.327647], 
              [0.164338, 0.243488, 0.417819, 0.174357], 
              [0.372733, 0.354699, 0.136284, 0.136284], 
              [0.0751675, 0.235472, 0.284566, 0.404794], 
              [0.129271, 0.48695, 0.190387, 0.193393]
            ]
          }, {
            "db": 0,
            "id": "0006_235_2.6722_2.0846_126_135",
            "len": 10,
            "nsites": 998,
            "pwm": [
              [0.192391, 0.257514, 0.285567, 0.264528], 
              [0.200406, 0.292581, 0.29759, 0.209423], 
              [0.370729, 0.32364, 0.170349, 0.135282], 
              [0.27655, 0.0992131, 0.334661, 0.289575], 
              [0.252505, 0.298592, 0.264528, 0.184376], 
              [0.217438, 0.301598, 0.370729, 0.110234], 
              [0.326645, 0.158326, 0.328649, 0.186379], 
              [0.232467, 0.313621, 0.337666, 0.116245], 
              [0.304604, 0.228459, 0.254509, 0.212429], 
              [0.204414, 0.137286, 0.271541, 0.38676]
            ]
          }, {
            "db": 0,
            "id": "0007_910_2.7252_2.4624_0_10",
            "len": 11,
            "nsites": 998,
            "pwm": [
              [0.170349, 0.195396, 0.435853, 0.198402], 
              [0.210425, 0.384756, 0.269537, 0.135282], 
              [0.315624, 0.213431, 0.252505, 0.21844], 
              [0.178364, 0.354699, 0.319632, 0.147305], 
              [0.209213, 0.222225, 0.440421, 0.12814], 
              [0.227457, 0.369727, 0.193393, 0.209423], 
              [0.177362, 0.385758, 0.207419, 0.229461], 
              [0.395777, 0.220444, 0.201408, 0.182372], 
              [0.15347, 0.435287, 0.212642, 0.198601], 
              [0.342676, 0.216436, 0.230463, 0.210425], 
              [0.173355, 0.332657, 0.210425, 0.283564]
            ]
          }, {
            "db": 0,
            "id": "0007_910_2.7252_2.4624_12_29",
            "len": 18,
            "nsites": 998,
            "pwm": [
              [0.189385, 0.460901, 0.203412, 0.146303], 
              [0.409804, 0.314623, 0.16033, 0.115244], 
              [0.282562, 0.349689, 0.180368, 0.187381], 
              [0.418821, 0.241484, 0.165339, 0.174357], 
              [0.222448, 0.400787, 0.184376, 0.192391], 
              [0.248497, 0.18137, 0.336664, 0.233469], 
              [0.1443, 0.284566, 0.329651, 0.241484], 
              [0.413397, 0.197202, 0.232234, 0.157166], 
              [0.179366, 0.385758, 0.193393, 0.241484], 
              [0.124261, 0.336664, 0.32364, 0.215434], 
              [0.269267, 0.368356, 0.214218, 0.148158], 
              [0.43385, 0.275548, 0.142296, 0.148307], 
              [0.170178, 0.303298, 0.159168, 0.367355], 
              [0.331323, 0.351341, 0.212216, 0.10512], 
              [0.192391, 0.351693, 0.148307, 0.307609], 
              [0.125388, 0.15347, 0.333994, 0.387147], 
              [0.164338, 0.186379, 0.462905, 0.186379], 
              [0.138288, 0.420825, 0.26052, 0.180368]
            ]
          }, {
            "db": 0,
            "id": "0008_656_2.6818_2.1103_0_52",
            "len": 53,
            "nsites": 998,
            "pwm": [
              [0.306607, 0.226455, 0.267533, 0.199404], 
              [0.190387, 0.226455, 0.307609, 0.275548], 
              [0.271541, 0.269537, 0.193393, 0.265529], 
              [0.158326, 0.336664, 0.232467, 0.272543], 
              [0.290577, 0.292581, 0.252505, 0.164338], 
              [0.19459, 0.265795, 0.32597, 0.213645], 
              [0.209213, 0.279276, 0.336327, 0.175182], 
              [0.308302, 0.354344, 0.185191, 0.152162], 
              [0.198402, 0.420825, 0.224452, 0.156322], 
              [0.330653, 0.279556, 0.166341, 0.22345], 
              [0.137423, 0.258775, 0.324967, 0.278834], 
              [0.208421, 0.356702, 0.283564, 0.151313], 
              [0.228459, 0.292581, 0.221446, 0.257514], 
              [0.195396, 0.309613, 0.290577, 0.204414], 
              [0.325643, 0.209423, 0.236474, 0.228459], 
              [0.253253, 0.225227, 0.201206, 0.320313], 
              [0.284566, 0.257514, 0.284566, 0.173355], 
              [0.256512, 0.234471, 0.220444, 0.288573], 
              [0.182189, 0.359348, 0.213217, 0.245245], 
              [0.175358, 0.271541, 0.326645, 0.226455], 
              [0.29759, 0.277552, 0.28156, 0.143298], 
              [0.277552, 0.293583, 0.177362, 0.251503], 
              [0.221446, 0.245491, 0.379747, 0.153317], 
              [0.234471, 0.394775, 0.233469, 0.137286], 
              [0.341674, 0.343678, 0.123259, 0.191389], 
              [0.256512, 0.307609, 0.206417, 0.229461], 
              [0.312306, 0.198203, 0.282279, 0.207211], 
              [0.169347, 0.327647, 0.3026, 0.200406], 
              [0.265529, 0.220444, 0.292581, 0.221446], 
              [0.21844, 0.265529, 0.243488, 0.272543], 
              [0.200205, 0.182189, 0.378365, 0.23924], 
              [0.149309, 0.403793, 0.23948, 0.207419], 
              [0.435853, 0.262524, 0.133279, 0.168345], 
              [0.146449, 0.448325, 0.135417, 0.269807], 
              [0.253253, 0.247247, 0.313307, 0.186192], 
              [0.220444, 0.248497, 0.27655, 0.254509], 
              [0.177362, 0.304604, 0.335662, 0.182372], 
              [0.192391, 0.41281, 0.150311, 0.24449], 
              [0.31863, 0.34468, 0.208421, 0.128269], 
              [0.238478, 0.23948, 0.242486, 0.279556], 
              [0.204619, 0.253761, 0.291872, 0.249749], 
              [0.302297, 0.169177, 0.338329, 0.190196], 
              [0.183374, 0.285567, 0.212429, 0.31863], 
              [0.157324, 0.354699, 0.270539, 0.217438], 
              [0.344335, 0.192198, 0.229231, 0.234236], 
              [0.136147, 0.374362, 0.200205, 0.289285], 
              [0.25551, 0.387762, 0.183374, 0.173355], 
              [0.258775, 0.406203, 0.144444, 0.190578], 
              [0.442867, 0.262524, 0.125263, 0.169347], 
              [0.207211, 0.204209, 0.211215, 0.377364], 
              [0.175358, 0.383755, 0.352695, 0.0881922], 
              [0.189385, 0.399785, 0.187381, 0.22345], 
              [0.109342, 0.197598, 0.470389, 0.222671]
            ]
          }, {
            "db": 0,
            "id": "0009_311_2.6273_1.6116_0_63",
            "len": 64,
            "nsites": 998,
            "pwm": [
              [0.29759, 0.325643, 0.236474, 0.140292], 
              [0.199204, 0.367355, 0.212216, 0.221224], 
              [0.180368, 0.348687, 0.229461, 0.241484], 
              [0.224227, 0.199204, 0.40639, 0.170178], 
              [0.260781, 0.244735, 0.20161, 0.292875], 
              [0.188383, 0.249499, 0.342676, 0.219442], 
              [0.202207, 0.296291, 0.342333, 0.159168], 
              [0.382753, 0.221446, 0.247495, 0.148307], 
              [0.109232, 0.422829, 0.237476, 0.230463], 
              [0.341014, 0.254764, 0.252758, 0.151464], 
              [0.200607, 0.355054, 0.233703, 0.210636], 
              [0.178543, 0.281843, 0.382133, 0.157481], 
              [0.38676, 0.196398, 0.226455, 0.190387], 
              [0.185563, 0.319953, 0.301901, 0.192584], 
              [0.341332, 0.26126, 0.188194, 0.209213], 
              [0.348687, 0.215434, 0.23948, 0.196398], 
              [0.236474, 0.230463, 0.309613, 0.22345], 
              [0.246493, 0.369727, 0.180368, 0.203412], 
              [0.264528, 0.170349, 0.231465, 0.333659], 
              [0.178364, 0.267533, 0.370729, 0.183374], 
              [0.194395, 0.248497, 0.242486, 0.314623], 
              [0.174357, 0.258516, 0.315624, 0.251503], 
              [0.310615, 0.333659, 0.175358, 0.180368], 
              [0.333659, 0.186379, 0.180368, 0.299594], 
              [0.179366, 0.282562, 0.272543, 0.265529], 
              [0.227229, 0.1952, 0.408392, 0.169177], 
              [0.334661, 0.249499, 0.173355, 0.242486], 
              [0.161493, 0.28786, 0.216653, 0.333994], 
              [0.17636, 0.385758, 0.229461, 0.208421], 
              [0.196398, 0.309613, 0.203412, 0.290577], 
              [0.271541, 0.371731, 0.193393, 0.163336], 
              [0.200406, 0.275548, 0.192391, 0.331655], 
              [0.220444, 0.258516, 0.315624, 0.205415], 
              [0.194395, 0.309613, 0.285567, 0.210425], 
              [0.320634, 0.399785, 0.117247, 0.162334], 
              [0.357704, 0.217438, 0.189385, 0.235472], 
              [0.225227, 0.256255, 0.311305, 0.207211], 
              [0.256255, 0.219222, 0.303298, 0.221224], 
              [0.216436, 0.229461, 0.224452, 0.329651], 
              [0.20241, 0.307609, 0.300596, 0.189385], 
              [0.18137, 0.31863, 0.229461, 0.270539], 
              [0.28156, 0.299594, 0.174357, 0.24449], 
              [0.129271, 0.261522, 0.275548, 0.333659], 
              [0.180549, 0.316944, 0.243732, 0.258775], 
              [0.207627, 0.412221, 0.190578, 0.189575], 
              [0.301598, 0.268535, 0.163336, 0.266531], 
              [0.176183, 0.205209, 0.300295, 0.318311], 
              [0.116245, 0.424832, 0.186379, 0.272543], 
              [0.221446, 0.326645, 0.280558, 0.171351], 
              [0.145301, 0.232467, 0.289575, 0.332657], 
              [0.119132, 0.384371, 0.364353, 0.132144], 
              [0.103325, 0.341014, 0.32597, 0.229691], 
              [0.158484, 0.252758, 0.230694, 0.358063], 
              [0.157324, 0.249499, 0.332657, 0.26052], 
              [0.253507, 0.364718, 0.162334, 0.219442], 
              [0.190196, 0.398383, 0.174182, 0.237238], 
              [0.248497, 0.367723, 0.100215, 0.283564], 
              [0.248248, 0.182189, 0.282279, 0.287283], 
              [0.289575, 0.170349, 0.358706, 0.18137], 
              [0.25551, 0.185377, 0.27655, 0.282562], 
              [0.268535, 0.137286, 0.316626, 0.277552], 
              [0.249499, 0.156322, 0.336664, 0.257514], 
              [0.185377, 0.347685, 0.233469, 0.233469], 
              [0.138288, 0.307609, 0.343678, 0.210425]
            ]
          }, {
            "db": 0,
            "id": "0009_311_2.6273_1.6116_113_133",
            "len": 21,
            "nsites": 998,
            "pwm": [
              [0.480939, 0.135282, 0.163336, 0.220444], 
              [0.178364, 0.247495, 0.203412, 0.370729], 
              [0.18137, 0.132277, 0.368725, 0.317628], 
              [0.229231, 0.151161, 0.232234, 0.387373], 
              [0.15016, 0.356345, 0.321314, 0.17218], 
              [0.308611, 0.230463, 0.210425, 0.250501], 
              [0.231233, 0.385371, 0.202207, 0.181188], 
              [0.209633, 0.310927, 0.275824, 0.203616], 
              [0.290577, 0.22345, 0.251503, 0.234471], 
              [0.200406, 0.267533, 0.27655, 0.25551], 
              [0.166341, 0.317628, 0.257514, 0.258516], 
              [0.289575, 0.268535, 0.24449, 0.1974], 
              [0.263526, 0.259518, 0.246493, 0.230463], 
              [0.228459, 0.261522, 0.291579, 0.21844], 
              [0.24449, 0.317628, 0.299594, 0.138288], 
              [0.352046, 0.244735, 0.253761, 0.149458], 
              [0.209423, 0.312619, 0.194395, 0.283564], 
              [0.17052, 0.275824, 0.349037, 0.204619], 
              [0.18137, 0.142296, 0.414813, 0.261522], 
              [0.147305, 0.189385, 0.356702, 0.306607], 
              [0.228459, 0.127267, 0.372733, 0.271541]
            ]
          }, {
            "db": 0,
            "id": "0010_292_2.6374_2.3558_0_40",
            "len": 41,
            "nsites": 998,
            "pwm": [
              [0.252505, 0.284566, 0.250501, 0.212429], 
              [0.210425, 0.394775, 0.231465, 0.163336], 
              [0.189385, 0.278554, 0.299594, 0.232467], 
              [0.232467, 0.257514, 0.349689, 0.16033], 
              [0.211427, 0.419823, 0.257514, 0.111236], 
              [0.243488, 0.28156, 0.287571, 0.187381], 
              [0.215434, 0.285567, 0.338668, 0.16033], 
              [0.245491, 0.319632, 0.21844, 0.216436], 
              [0.369727, 0.285567, 0.207419, 0.137286], 
              [0.17636, 0.319632, 0.237476, 0.266531], 
              [0.169517, 0.227685, 0.332991, 0.269807], 
              [0.16049, 0.276827, 0.365083, 0.197598], 
              [0.298892, 0.251755, 0.277831, 0.171523], 
              [0.214433, 0.329651, 0.203412, 0.252505], 
              [0.228459, 0.384756, 0.201408, 0.185377], 
              [0.294585, 0.23948, 0.237476, 0.228459], 
              [0.230463, 0.24449, 0.325643, 0.199404], 
              [0.18137, 0.332657, 0.254509, 0.231465], 
              [0.263526, 0.357704, 0.289575, 0.0891941], 
              [0.29759, 0.306607, 0.137286, 0.258516], 
              [0.236237, 0.305299, 0.263262, 0.1952], 
              [0.358706, 0.215434, 0.165339, 0.26052], 
              [0.166341, 0.274547, 0.185377, 0.373735], 
              [0.314308, 0.202207, 0.282279, 0.201206], 
              [0.184376, 0.259518, 0.327647, 0.228459], 
              [0.209633, 0.159487, 0.399183, 0.231697], 
              [0.228688, 0.213645, 0.328979, 0.228688], 
              [0.138149, 0.302297, 0.270268, 0.289285], 
              [0.168345, 0.397781, 0.188383, 0.245491], 
              [0.261784, 0.334996, 0.17052, 0.2327], 
              [0.210425, 0.187381, 0.251503, 0.350691], 
              [0.123259, 0.228459, 0.420825, 0.227457], 
              [0.279556, 0.257514, 0.180368, 0.282562], 
              [0.207419, 0.369727, 0.256512, 0.166341], 
              [0.286569, 0.220444, 0.28156, 0.211427], 
              [0.243244, 0.305299, 0.219222, 0.232234], 
              [0.183374, 0.437857, 0.1443, 0.234471], 
              [0.321636, 0.238478, 0.274547, 0.165339], 
              [0.148307, 0.487952, 0.172353, 0.191389], 
              [0.363352, 0.229231, 0.238239, 0.169177], 
              [0.172353, 0.271541, 0.102219, 0.453888]
            ]
          }, {
            "db": 0,
            "id": "0010_292_2.6374_2.3558_42_52",
            "len": 11,
            "nsites": 998,
            "pwm": [
              [0.200205, 0.155165, 0.242243, 0.402387], 
              [0.124261, 0.330653, 0.275548, 0.269537], 
              [0.324642, 0.257514, 0.234471, 0.183374], 
              [0.216436, 0.191389, 0.196398, 0.395777], 
              [0.167343, 0.456893, 0.184376, 0.191389], 
              [0.0832667, 0.324967, 0.206624, 0.385141], 
              [0.292288, 0.367355, 0.189195, 0.151161], 
              [0.451884, 0.246493, 0.162334, 0.13929], 
              [0.301598, 0.217438, 0.221446, 0.259518], 
              [0.112238, 0.379747, 0.188383, 0.319632], 
              [0.149309, 0.293583, 0.394775, 0.162334]
            ]
          }, {
            "db": 0,
            "id": "0011_510_2.6664_2.4254_0_21",
            "len": 22,
            "nsites": 998,
            "pwm": [
              [0.265263, 0.222225, 0.332324, 0.180187], 
              [0.167343, 0.245491, 0.269537, 0.317628], 
              [0.192391, 0.44487, 0.196398, 0.166341], 
              [0.180368, 0.311617, 0.1443, 0.363716], 
              [0.207211, 0.385371, 0.236237, 0.171179], 
              [0.316626, 0.259518, 0.257514, 0.166341], 
              [0.221224, 0.324317, 0.241242, 0.213217], 
              [0.27655, 0.200406, 0.294585, 0.228459], 
              [0.149309, 0.221446, 0.39177, 0.237476], 
              [0.151313, 0.390768, 0.286569, 0.171351], 
              [0.405796, 0.216436, 0.215434, 0.162334], 
              [0.143298, 0.459899, 0.150311, 0.246493], 
              [0.340011, 0.301901, 0.227685, 0.130403], 
              [0.366354, 0.255254, 0.191197, 0.187193], 
              [0.334661, 0.267533, 0.249499, 0.148307], 
              [0.259518, 0.336664, 0.209423, 0.194395], 
              [0.211215, 0.273271, 0.374362, 0.141152], 
              [0.234706, 0.297889, 0.167511, 0.299895], 
              [0.331655, 0.332657, 0.183374, 0.152315], 
              [0.276273, 0.238239, 0.332324, 0.153163], 
              [0.200607, 0.322962, 0.289866, 0.186566], 
              [0.187569, 0.366086, 0.275824, 0.17052]
            ]
          }, {
            "db": 0,
            "id": "0011_510_2.6664_2.4254_114_136",
            "len": 23,
            "nsites": 998,
            "pwm": [
              [0.252505, 0.252505, 0.124261, 0.370729], 
              [0.155475, 0.188572, 0.332991, 0.322962], 
              [0.28156, 0.117247, 0.427838, 0.173355], 
              [0.103118, 0.389375, 0.236237, 0.271269], 
              [0.28328, 0.185191, 0.236237, 0.29529], 
              [0.140432, 0.324967, 0.288863, 0.245737], 
              [0.265529, 0.332657, 0.193393, 0.208421], 
              [0.203412, 0.169347, 0.151313, 0.475929], 
              [0.194395, 0.225453, 0.462905, 0.117247], 
              [0.167175, 0.256255, 0.40639, 0.170178], 
              [0.406798, 0.152315, 0.238478, 0.20241], 
              [0.166174, 0.204209, 0.410394, 0.219222], 
              [0.381368, 0.1952, 0.273271, 0.15016], 
              [0.243488, 0.161332, 0.447876, 0.147305], 
              [0.173355, 0.171351, 0.248497, 0.406798], 
              [0.392378, 0.152162, 0.289285, 0.166174], 
              [0.141294, 0.242486, 0.377743, 0.238478], 
              [0.363352, 0.179186, 0.351341, 0.10612], 
              [0.163336, 0.365719, 0.250501, 0.220444], 
              [0.400385, 0.123136, 0.28328, 0.193199], 
              [0.173181, 0.419402, 0.289285, 0.118131], 
              [0.39177, 0.213431, 0.206417, 0.188383], 
              [0.158326, 0.194395, 0.226455, 0.420825]
            ]
          }, {
            "db": 0,
            "id": "0012_200_2.6013_1.2187_0_51",
            "len": 52,
            "nsites": 998,
            "pwm": [
              [0.270268, 0.189195, 0.27227, 0.268266], 
              [0.169347, 0.3026, 0.336664, 0.191389], 
              [0.295883, 0.186566, 0.234706, 0.282846], 
              [0.155475, 0.448325, 0.20161, 0.19459], 
              [0.299895, 0.395171, 0.192584, 0.112351], 
              [0.321636, 0.29759, 0.212429, 0.168345], 
              [0.238478, 0.271541, 0.33967, 0.150311], 
              [0.265529, 0.299594, 0.222448, 0.212429], 
              [0.203412, 0.354699, 0.268535, 0.173355], 
              [0.261522, 0.422829, 0.234471, 0.0811789], 
              [0.300295, 0.274272, 0.165173, 0.260259], 
              [0.23972, 0.333994, 0.258775, 0.167511], 
              [0.231465, 0.315624, 0.309613, 0.143298], 
              [0.322638, 0.226455, 0.277552, 0.173355], 
              [0.131143, 0.392378, 0.204209, 0.27227], 
              [0.192584, 0.352046, 0.233703, 0.221668], 
              [0.293583, 0.256512, 0.147305, 0.3026], 
              [0.19459, 0.371101, 0.244735, 0.189575], 
              [0.273545, 0.376741, 0.170349, 0.179366], 
              [0.406798, 0.33967, 0.121255, 0.132277], 
              [0.253507, 0.203412, 0.262524, 0.280558], 
              [0.258257, 0.192198, 0.26126, 0.288284], 
              [0.147305, 0.312619, 0.246493, 0.293583], 
              [0.162334, 0.343678, 0.300596, 0.193393], 
              [0.210636, 0.261784, 0.221668, 0.305912], 
              [0.114242, 0.375739, 0.275548, 0.234471], 
              [0.293583, 0.333659, 0.173355, 0.199404], 
              [0.341332, 0.246246, 0.219222, 0.193199], 
              [0.203412, 0.277552, 0.262524, 0.256512], 
              [0.222448, 0.366721, 0.257514, 0.153317], 
              [0.209633, 0.359066, 0.143441, 0.28786], 
              [0.163336, 0.22345, 0.39177, 0.221446], 
              [0.116245, 0.220444, 0.312619, 0.350691], 
              [0.148158, 0.375362, 0.318311, 0.158167], 
              [0.309613, 0.341674, 0.192391, 0.156322], 
              [0.306607, 0.350691, 0.180368, 0.162334], 
              [0.146303, 0.413812, 0.127267, 0.312619], 
              [0.227457, 0.198402, 0.184376, 0.389766], 
              [0.238717, 0.228688, 0.319953, 0.212642], 
              [0.24449, 0.252505, 0.248497, 0.254509], 
              [0.148158, 0.321314, 0.218221, 0.312306], 
              [0.28328, 0.37236, 0.192198, 0.152162], 
              [0.218659, 0.392163, 0.225679, 0.163499], 
              [0.182189, 0.346336, 0.267265, 0.204209], 
              [0.212429, 0.311617, 0.275548, 0.200406], 
              [0.411395, 0.208212, 0.179186, 0.201206], 
              [0.205415, 0.31863, 0.230463, 0.245491], 
              [0.0861884, 0.36071, 0.309613, 0.243488], 
              [0.235472, 0.166341, 0.397781, 0.200406], 
