<!DOCTYPE HTML>
<html>
  <head>
    <meta charset="UTF-8">
    <title>TOMTOM</title>
    <script>
      // @JSON_VAR data
      var data = {
        "program": "Tomtom",
        "version": "5.1.0",
        "release": "Fri Oct 11 15:53:28 2019 -0700",
        "cmd": [
          "tomtom", "-oc", "outputfile", "-min-overlap", "5", "-dist",
          "pearson", "-evalue", "-thresh", "10", "-no-ssc", "output.meme",
          "../motif_databases/HUMAN/HOCOMOCOv9.meme"
        ],
        "options": {
          "strands": "both",
          "distance_measure": "pearson",
          "threshold_type": "evalue",
          "threshold_value": 10,
          "background_source": "--query--"
        },
        "alphabet": {
          "name": "DNA",
          "like": "dna",
          "ncore": 4,
          "symbols": [
            {
              "symbol": "A",
              "name": "Adenine",
              "colour": "CC0000",
              "complement": "T"
            }, {
              "symbol": "C",
              "name": "Cytosine",
              "colour": "0000CC",
              "complement": "G"
            }, {
              "symbol": "G",
              "name": "Guanine",
              "colour": "FFB300",
              "complement": "C"
            }, {
              "symbol": "T",
              "aliases": "U",
              "name": "Thymine",
              "colour": "008000",
              "complement": "A"
            }, {
              "symbol": "N",
              "aliases": "X.",
              "name": "Any base",
              "equals": "ACGT"
            }, {
              "symbol": "V",
              "name": "Not T",
              "equals": "ACG"
            }, {
              "symbol": "H",
              "name": "Not G",
              "equals": "ACT"
            }, {
              "symbol": "D",
              "name": "Not C",
              "equals": "AGT"
            }, {
              "symbol": "B",
              "name": "Not A",
              "equals": "CGT"
            }, {
              "symbol": "M",
              "name": "Amino",
              "equals": "AC"
            }, {
              "symbol": "R",
              "name": "Purine",
              "equals": "AG"
            }, {
              "symbol": "W",
              "name": "Weak",
              "equals": "AT"
            }, {
              "symbol": "S",
              "name": "Strong",
              "equals": "CG"
            }, {
              "symbol": "Y",
              "name": "Pyrimidine",
              "equals": "CT"
            }, {
              "symbol": "K",
              "name": "Keto",
              "equals": "GT"
            }
          ]
        },
        "background": [0.25, 0.25, 0.25, 0.25],
        "query_dbs": [
          {
            "source": "output.meme",
            "name": "output",
            "loaded": 256,
            "excluded": 1,
            "last_modified": "Tue Jun  7 17:01:48 2022"
          }
        ],
        "target_dbs": [
          {
            "source": "../motif_databases/HUMAN/HOCOMOCOv9.meme",
            "name": "HOCOMOCOv9",
            "loaded": 426,
            "excluded": 0,
            "last_modified": "Thu Mar 17 17:59:30 2022"
          }
        ],
        "queries": [
          {
            "db": 0,
            "id": "0000_383_2.0675_0.8574",
            "len": 144,
            "nsites": 998,
            "pwm": [
              [0.16049, 0.368092, 0.187569, 0.283849], 
              [0.277552, 0.20241, 0.212429, 0.307609], 
              [0.260259, 0.319312, 0.21722, 0.203208], 
              [0.141294, 0.36071, 0.324642, 0.173355], 
              [0.388764, 0.364718, 0.141294, 0.105225], 
              [0.175358, 0.246493, 0.362714, 0.215434], 
              [0.229461, 0.303602, 0.33967, 0.127267], 
              [0.259518, 0.321636, 0.141294, 0.277552], 
              [0.270539, 0.384756, 0.236474, 0.10823], 
              [0.220223, 0.322315, 0.189195, 0.268266], 
              [0.183374, 0.254509, 0.349689, 0.212429], 
              [0.320634, 0.220444, 0.280558, 0.178364], 
              [0.234471, 0.314623, 0.18137, 0.269537], 
              [0.342676, 0.347685, 0.125263, 0.184376], 
              [0.224452, 0.309613, 0.211427, 0.254509], 
              [0.304604, 0.261522, 0.20241, 0.231465], 
              [0.305605, 0.362714, 0.159328, 0.172353], 
              [0.234471, 0.372733, 0.190387, 0.20241], 
              [0.284281, 0.309303, 0.156165, 0.25025], 
              [0.33967, 0.283564, 0.226455, 0.150311], 
              [0.288573, 0.283564, 0.154319, 0.273545], 
              [0.25551, 0.190387, 0.264528, 0.289575], 
              [0.101319, 0.353049, 0.349037, 0.196595], 
              [0.25551, 0.357704, 0.154319, 0.232467], 
              [0.121255, 0.349689, 0.220444, 0.308611], 
              [0.265529, 0.278554, 0.288573, 0.167343], 
              [0.20241, 0.225453, 0.278554, 0.293583], 
              [0.228459, 0.203412, 0.330653, 0.237476], 
              [0.138288, 0.493964, 0.216436, 0.151313], 
              [0.294585, 0.28156, 0.299594, 0.124261], 
              [0.232234, 0.310304, 0.269267, 0.188194], 
              [0.242729, 0.31193, 0.224677, 0.220665], 
              [0.208212, 0.249249, 0.265263, 0.277274], 
              [0.11713, 0.355344, 0.258257, 0.269267], 
              [0.270268, 0.231233, 0.315308, 0.18319], 
              [0.168345, 0.422829, 0.118249, 0.290577], 
              [0.238478, 0.279556, 0.361712, 0.120253], 
              [0.129271, 0.303602, 0.18137, 0.385758], 
              [0.118249, 0.402791, 0.3026, 0.17636], 
              [0.191581, 0.154473, 0.300898, 0.353049], 
              [0.180368, 0.250501, 0.39177, 0.177362], 
              [0.147157, 0.31731, 0.231233, 0.304299], 
              [0.124261, 0.358706, 0.272543, 0.24449], 
              [0.306607, 0.192391, 0.330653, 0.170349], 
              [0.235472, 0.31863, 0.300596, 0.145301], 
              [0.1974, 0.382753, 0.219442, 0.200406], 
              [0.165504, 0.447322, 0.183558, 0.203616], 
              [0.201408, 0.274547, 0.303602, 0.220444], 
              [0.330985, 0.163499, 0.339008, 0.166507], 
              [0.220665, 0.226682, 0.230694, 0.321959], 
              [0.190387, 0.49196, 0.157324, 0.16033], 
              [0.362714, 0.328649, 0.229461, 0.0791751], 
              [0.217438, 0.291579, 0.265529, 0.225453], 
              [0.127267, 0.462905, 0.180368, 0.229461], 
              [0.207419, 0.316626, 0.275548, 0.200406], 
              [0.258775, 0.264793, 0.221668, 0.254764], 
              [0.123259, 0.226455, 0.347685, 0.3026], 
              [0.165339, 0.118249, 0.46591, 0.250501], 
              [0.224452, 0.207419, 0.347685, 0.220444], 
              [0.215218, 0.122135, 0.1942, 0.468446], 
              [0.121134, 0.22823, 0.377364, 0.273271], 
              [0.264263, 0.200205, 0.310304, 0.225227], 
              [0.198402, 0.272543, 0.16033, 0.368725], 
              [0.188383, 0.217438, 0.137286, 0.456893], 
              [0.171351, 0.317628, 0.263526, 0.247495], 
              [0.144155, 0.459438, 0.190196, 0.20621], 
              [0.257514, 0.381751, 0.245491, 0.115244], 
              [0.450882, 0.118249, 0.196398, 0.234471], 
              [0.248746, 0.116362, 0.21565, 0.419241], 
              [0.248746, 0.171523, 0.458354, 0.121377], 
              [0.190387, 0.124261, 0.443869, 0.241484], 
              [0.443869, 0.107228, 0.277552, 0.171351], 
              [0.492962, 0.148307, 0.153317, 0.205415], 
              [0.249499, 0.158326, 0.217438, 0.374737], 
              [0.130142, 0.242243, 0.410394, 0.21722], 
              [0.185191, 0.435416, 0.168176, 0.211215], 
              [0.330653, 0.296588, 0.109232, 0.263526], 
              [0.1942, 0.221224, 0.10512, 0.479456], 
              [0.253253, 0.344335, 0.189195, 0.213217], 
              [0.0861884, 0.624211, 0.10823, 0.18137], 
              [0.190387, 0.637236, 0.080177, 0.0921998], 
              [0.313936, 0.301901, 0.212642, 0.171523], 
              [0.235472, 0.48695, 0.198402, 0.0791751], 
              [0.0761694, 0.419823, 0.180368, 0.32364], 
              [0.551072, 0.0871903, 0.336664, 0.0250725], 
              [0.0712319, 0.151464, 0.745186, 0.0321178], 
              [0.0861884, 0.16033, 0.680318, 0.0731637], 
              [0.187193, 0.0440646, 0.717671, 0.0510709], 
              [0.0180592, 0.0541276, 0.904744, 0.0230687], 
              [0.0130497, 0.118249, 0.821586, 0.0471143], 
              [0.0190421, 0.589556, 0.291287, 0.100115], 
              [0.0461584, 0.147452, 0.799343, 0.00704534], 
              [0.0350915, 0.448878, 0.454889, 0.0611409], 
              [0.0350915, 0.652265, 0.0821808, 0.230463], 
              [0.352695, 0.115244, 0.363716, 0.168345], 
              [0.0481162, 0.372733, 0.164338, 0.414813], 
              [0.070158, 0.29759, 0.120253, 0.511998], 
              [0.150311, 0.1974, 0.348687, 0.303602], 
              [0.090106, 0.212216, 0.321314, 0.376363], 
              [0.18137, 0.165339, 0.419823, 0.233469], 
              [0.178364, 0.22345, 0.340672, 0.257514], 
              [0.260259, 0.180187, 0.168176, 0.391377], 
              [0.182372, 0.270539, 0.356702, 0.190387], 
              [0.0772493, 0.283849, 0.42927, 0.209633], 
              [0.370729, 0.325643, 0.204414, 0.0992131], 
              [0.137286, 0.357704, 0.262524, 0.242486], 
              [0.28156, 0.330653, 0.150311, 0.237476], 
              [0.207419, 0.330653, 0.27655, 0.185377], 
              [0.0932017, 0.47092, 0.208421, 0.227457], 
              [0.367723, 0.286569, 0.209423, 0.136284], 
              [0.222448, 0.198402, 0.214433, 0.364718], 
              [0.107228, 0.376741, 0.346683, 0.169347], 
              [0.347685, 0.287571, 0.123259, 0.241484], 
              [0.157166, 0.365353, 0.223226, 0.254254], 
              [0.140292, 0.299594, 0.245491, 0.314623], 
              [0.275548, 0.320634, 0.270539, 0.133279], 
              [0.171523, 0.424256, 0.27081, 0.133412], 
              [0.35706, 0.164502, 0.26379, 0.214648], 
              [0.130142, 0.222225, 0.429411, 0.218221], 
              [0.20621, 0.297292, 0.365353, 0.131143], 
              [0.322638, 0.193393, 0.190387, 0.293583], 
              [0.146303, 0.314623, 0.327647, 0.211427], 
              [0.170349, 0.171351, 0.330653, 0.327647], 
              [0.224452, 0.253507, 0.29759, 0.224452], 
              [0.300596, 0.170349, 0.250501, 0.278554], 
              [0.171351, 0.251503, 0.33967, 0.237476], 
              [0.254509, 0.347685, 0.214433, 0.183374], 
              [0.276827, 0.380127, 0.17754, 0.165504], 
              [0.158326, 0.285567, 0.298592, 0.257514], 
              [0.25551, 0.25551, 0.274547, 0.214433], 
              [0.200406, 0.251503, 0.29759, 0.250501], 
              [0.285567, 0.235472, 0.287571, 0.191389], 
              [0.206417, 0.32364, 0.361712, 0.10823], 
              [0.32364, 0.220444, 0.246493, 0.209423], 
              [0.212429, 0.303602, 0.217438, 0.266531], 
              [0.27655, 0.238478, 0.294585, 0.190387], 
              [0.163336, 0.246493, 0.305605, 0.284566], 
              [0.238478, 0.210425, 0.415815, 0.135282], 
              [0.141152, 0.297292, 0.347337, 0.214218], 
              [0.211639, 0.244735, 0.342017, 0.20161], 
              [0.233469, 0.340672, 0.266531, 0.159328], 
              [0.118249, 0.369727, 0.214433, 0.29759], 
              [0.251503, 0.369727, 0.248497, 0.130273], 
              [0.21844, 0.395777, 0.247495, 0.138288]
            ]
          }, {
            "db": 0,
            "id": "0001_267_1.0542_0.0935",
            "len": 144,
            "nsites": 998,
            "pwm": [
              [0.279556, 0.58714, 0.080177, 0.0531257], 
              [0.119251, 0.694344, 0.0561314, 0.130273], 
              [0.100215, 0.798542, 0.0952055, 0.00603645], 
              [0.23948, 0.10823, 0.126265, 0.526024], 
              [0.417819, 0.236474, 0.314623, 0.0310839], 
              [0.137286, 0.706367, 0.111236, 0.0451105], 
              [0.110124, 0.151161, 0.0450655, 0.69365], 
              [0.0320858, 0.692341, 0.164338, 0.111236], 
              [0.0370953, 0.716386, 0.164338, 0.0821808], 
              [0.080177, 0.670299, 0.142296, 0.107228], 
              [0.0360934, 0.73442, 0.18137, 0.0481162], 
              [0.170349, 0.0671523, 0.63924, 0.123259], 
              [0.0431067, 0.80255, 0.0771713, 0.0771713], 
              [0.127139, 0.759709, 0.080097, 0.0330547], 
              [0.226455, 0.658276, 0.0711599, 0.0441086], 
              [0.103221, 0.691339, 0.0481162, 0.157324], 
              [0.0291091, 0.722119, 0.100316, 0.148455], 
              [0.143441, 0.716101, 0.0622058, 0.0782522], 
              [0.142296, 0.0641466, 0.700356, 0.0932017], 
              [0.0160554, 0.787521, 0.0270763, 0.169347], 
              [0.231233, 0.573542, 0.136147, 0.0590781], 
              [0.66028, 0.107228, 0.192391, 0.040101], 
              [0.163336, 0.520013, 0.00102695, 0.315624], 
              [0.0270493, 0.136147, 0.785732, 0.0510709], 
              [0.127267, 0.770489, 0.0390991, 0.0631447], 
              [0.0511219, 0.693343, 0.158326, 0.0972093], 
              [0.247495, 0.561091, 0.151313, 0.040101], 
              [0.148455, 0.0421468, 0.692032, 0.117365], 
              [0.118249, 0.0921998, 0.704363, 0.0851865], 
              [0.115359, 0.665956, 0.12238, 0.0963044], 
              [0.135282, 0.731415, 0.105225, 0.0280782], 
              [0.0541276, 0.0631447, 0.843628, 0.0390991], 
              [0.0441086, 0.727407, 0.115244, 0.11324], 
              [0.143298, 0.773495, 0.0491181, 0.0340896], 
              [0.0270763, 0.810565, 0.0280782, 0.134281], 
              [0.502981, 0.100215, 0.358706, 0.0380972], 
              [0.0461124, 0.857654, 0.0360934, 0.060139], 
              [0.190387, 0.0370953, 0.758466, 0.0140516], 
              [0.0511219, 0.0190611, 0.0370953, 0.892722], 
              [0.123259, 0.0260744, 0.840622, 0.010044], 
              [0.00402865, 0.0560754, 0.83878, 0.101116], 
              [0.0561314, 0.814572, 0.114242, 0.0150535], 
              [0.0350565, 0.895831, 0.0310529, 0.0380592], 
              [0.284566, 0.0521238, 0.535041, 0.128269], 
              [0.020083, 0.79132, 0.0622058, 0.126391], 
              [0.20863, 0.209633, 0.565665, 0.0160714], 
              [0.107228, 0.544059, 0.0751675, 0.273545], 
              [0.0632087, 0.0381352, 0.745186, 0.15347], 
              [0.00503455, 0.782512, 0.166341, 0.0461124], 
              [0.36071, 0.0481162, 0.540051, 0.0511219], 
              [0.0250475, 0.773722, 0.130142, 0.0710889], 
              [0.25551, 0.0591371, 0.590146, 0.0952055], 
              [0.0481162, 0.487952, 0.141294, 0.322638], 
              [0.0431067, 0.0370953, 0.752455, 0.167343], 
              [0.00403265, 0.798542, 0.124261, 0.0731637], 
              [0.169347, 0.569106, 0.0651485, 0.196398], 
              [0.0631447, 0.010044, 0.0841846, 0.842626], 
              [0.020043, 0.897833, 0.0470673, 0.0350565], 
              [0.851643, 0.0140516, 0.0250725, 0.109232], 
              [0.0421048, 0.911758, 0.0330877, 0.0130497], 
              [0.0220668, 0.918771, 0.0380972, 0.0210649], 
              [0.410394, 0.547518, 0.00803225, 0.0340556], 
              [0.200406, 0.646253, 0.00303075, 0.150311], 
              [0.0581352, 0.288573, 0.618199, 0.0350915], 
              [0.724401, 0.158326, 0.0280782, 0.0891941], 
              [0.0330547, 0.873811, 0.0170403, 0.0760934], 
              [0.0180412, 0.819763, 0.122135, 0.040061], 
              [0.195592, 0.770259, 0.020083, 0.0140656], 
              [0.0360934, 0.926786, 0.00403265, 0.0330877], 
              [0.0280782, 0.887712, 0.0210649, 0.0631447], 
              [0.947826, 0.0230687, 0.010044, 0.0190611], 
              [2.50476e-05, 2.50476e-05, 0.98291, 0.0170403], 
              [0.220223, 2.50476e-05, 0.77172, 0.00803225], 
              [0.00904214, 0.00804024, 0.887712, 0.0952055], 
              [0.0791751, 0.0120478, 0.901739, 0.00703834], 
              [0.140292, 0.00603645, 0.780508, 0.0731637], 
              [0.00603645, 0.0180592, 0.956843, 0.0190611], 
              [0.00102595, 0.00703135, 0.988915, 0.00302775], 
              [0.177184, 0.808753, 0.0130367, 0.00102595], 
              [0.0390991, 0.0411029, 0.903742, 0.0160554], 
              [0.00202885, 0.980889, 0.0170573, 2.50476e-05], 
              [0.103118, 0.230232, 0.0851015, 0.581549], 
              [0.0631447, 0.922779, 0.00202885, 0.0120478], 
              [0.00503455, 0.741434, 0.0441086, 0.209423], 
              [0.342676, 0.0531257, 0.52903, 0.0751675], 
              [0.0951105, 0.655615, 0.218221, 0.0310529], 
              [0.0670853, 0.0230457, 0.286282, 0.623587], 
              [0.658618, 2.50476e-05, 0.321314, 0.020043], 
              [0.00402865, 2.50476e-05, 0.995921, 2.50476e-05], 
              [0.00703135, 2.50476e-05, 0.992919, 2.50476e-05], 
              [2.50476e-05, 0.215218, 0.632595, 0.152162], 
              [2.50476e-05, 0.0720898, 0.92786, 2.50476e-05], 
              [0.00803225, 0.260259, 0.731684, 2.50476e-05], 
              [0.00603645, 0.775498, 0.0631447, 0.15532], 
              [0.249499, 0.0150535, 0.685327, 0.05012], 
              [0.600165, 0.132277, 0.0190611, 0.248497], 
              [0.0441086, 0.0521238, 0.715384, 0.188383], 
              [0.0451105, 0.641244, 0.305605, 0.00804024], 
              [0.0440646, 0.00803225, 0.786733, 0.16117], 
              [0.0661504, 0.918771, 0.00202885, 0.0130497], 
              [0.147452, 0.796334, 0.0371323, 0.0190801], 
              [0.00603645, 0.901739, 0.0411029, 0.0511219], 
              [0.886823, 0.020043, 0.0790961, 0.0140376], 
              [2.50476e-05, 0.0551295, 0.881701, 0.0631447], 
              [0.141294, 0.836614, 0.0220668, 2.50476e-05], 
              [0.0811789, 0.874686, 0.0220668, 0.0220668], 
              [0.749449, 0.0180592, 0.0230687, 0.209423], 
              [0.0541276, 0.0531257, 0.740432, 0.152315], 
              [0.0540736, 0.885822, 0.020043, 0.040061], 
              [0.0460664, 0.653614, 0.0580772, 0.242243], 
              [0.0741656, 0.060139, 0.865669, 2.50476e-05], 
              [0.207419, 0.510996, 0.114242, 0.167343], 
              [0.222448, 0.115244, 0.434851, 0.227457], 
              [0.210214, 0.201206, 0.188194, 0.400385], 
              [0.332324, 0.124137, 0.343334, 0.200205], 
              [0.314623, 0.242486, 0.105225, 0.337666], 
              [0.229461, 0.178364, 0.367723, 0.224452], 
              [0.0982112, 0.315624, 0.31863, 0.267533], 
              [0.140292, 0.3026, 0.384756, 0.172353], 
              [0.143298, 0.251503, 0.203412, 0.401789], 
              [0.222448, 0.365719, 0.309613, 0.102219], 
              [0.184561, 0.197598, 0.21565, 0.402192], 
              [0.190578, 0.362075, 0.189575, 0.257772], 
              [0.261522, 0.249499, 0.288573, 0.200406], 
              [0.314623, 0.184376, 0.145301, 0.3557], 
              [0.29759, 0.206417, 0.151313, 0.34468], 
              [0.427838, 0.1443, 0.305605, 0.122257], 
              [0.329651, 0.154319, 0.236474, 0.279556], 
              [0.363716, 0.3026, 0.188383, 0.145301], 
              [0.149309, 0.214433, 0.468916, 0.167343], 
              [0.152315, 0.509994, 0.0962074, 0.241484], 
              [0.138288, 0.191389, 0.44988, 0.220444], 
              [0.311617, 0.385758, 0.179366, 0.123259], 
              [0.183374, 0.228459, 0.292581, 0.295586], 
              [0.278554, 0.432848, 0.164338, 0.124261], 
              [0.146303, 0.29759, 0.232467, 0.32364], 
              [0.141152, 0.314308, 0.10612, 0.438419], 
              [0.0721618, 0.356702, 0.336664, 0.234471], 
              [0.331655, 0.361712, 0.173355, 0.133279], 
              [0.214218, 0.271269, 0.348338, 0.166174], 
              [0.120253, 0.620203, 0.1443, 0.115244], 
              [0.175358, 0.351693, 0.117247, 0.3557], 
              [0.318311, 0.342333, 0.266264, 0.0730907], 
              [0.167343, 0.611186, 0.0741656, 0.147305]
            ]
          }, {
            "db": 0,
            "id": "0002_335_2.2848_1.8765",
            "len": 144,
            "nsites": 998,
            "pwm": [
              [0.170349, 0.251503, 0.25551, 0.322638], 
              [0.149309, 0.241484, 0.499975, 0.109232], 
              [0.44487, 0.272543, 0.132277, 0.150311], 
              [0.180368, 0.314623, 0.4078, 0.0972093], 
              [0.151464, 0.448325, 0.256769, 0.143441], 
              [0.140151, 0.340331, 0.182189, 0.337328], 
              [0.222671, 0.236711, 0.39818, 0.142438], 
              [0.107228, 0.411808, 0.335662, 0.145301], 
              [0.129141, 0.260259, 0.156165, 0.454434], 
              [0.141294, 0.546062, 0.129271, 0.183374], 
              [0.186566, 0.190578, 0.457351, 0.165504], 
              [0.188194, 0.525498, 0.108122, 0.178185], 
              [0.225453, 0.420825, 0.189385, 0.164338], 
              [0.403793, 0.228459, 0.174357, 0.193393], 
              [0.152162, 0.215218, 0.215218, 0.4174], 
              [0.147305, 0.295586, 0.205415, 0.351693], 
              [0.151313, 0.531034, 0.152315, 0.165339], 
              [0.445872, 0.21844, 0.186379, 0.149309], 
              [0.220444, 0.396779, 0.183374, 0.199404], 
              [0.36135, 0.207211, 0.22823, 0.203208], 
              [0.0941096, 0.529502, 0.153163, 0.223226], 
              [0.356702, 0.230463, 0.203412, 0.209423], 
              [0.232234, 0.256255, 0.152162, 0.359348], 
              [0.127267, 0.18137, 0.443869, 0.247495], 
              [0.157481, 0.198601, 0.420244, 0.223674], 
              [0.1974, 0.234471, 0.419823, 0.148307], 
              [0.165339, 0.44988, 0.162334, 0.222448], 
              [0.388374, 0.18319, 0.201206, 0.227229], 
              [0.158326, 0.261522, 0.214433, 0.365719], 
              [0.166341, 0.448878, 0.246493, 0.138288], 
              [0.319632, 0.250501, 0.131275, 0.298592], 
              [0.227229, 0.187193, 0.234236, 0.351341], 
              [0.102219, 0.251503, 0.475929, 0.170349], 
              [0.436855, 0.25551, 0.141294, 0.166341], 
              [0.143154, 0.337328, 0.138149, 0.381368], 
              [0.185377, 0.13929, 0.490958, 0.184376], 
              [0.118249, 0.151313, 0.411808, 0.31863], 
              [0.101116, 0.448428, 0.329321, 0.121134], 
              [0.090106, 0.499474, 0.226228, 0.184191], 
              [0.447427, 0.187193, 0.198203, 0.167175], 
              [0.173181, 0.441422, 0.264263, 0.121134], 
              [0.151313, 0.292581, 0.1974, 0.358706], 
              [0.220444, 0.431846, 0.179366, 0.168345], 
              [0.0811789, 0.404794, 0.321636, 0.192391], 
              [0.168514, 0.238717, 0.399183, 0.193587], 
              [0.182372, 0.400787, 0.290577, 0.126265], 
              [0.110234, 0.447876, 0.253507, 0.188383], 
              [0.375739, 0.150311, 0.376741, 0.0972093], 
              [0.0862754, 0.310927, 0.17052, 0.432279], 
              [0.144155, 0.270268, 0.491467, 0.0941096], 
              [0.0891051, 0.27227, 0.45043, 0.188194], 
              [0.196398, 0.538047, 0.150311, 0.115244], 
              [0.105225, 0.532036, 0.127267, 0.235472], 
              [0.425834, 0.247495, 0.20241, 0.124261], 
              [0.196595, 0.125388, 0.178543, 0.499473], 
              [0.130273, 0.191389, 0.404794, 0.273545], 
              [0.203616, 0.174532, 0.220665, 0.401189], 
              [0.0851865, 0.503983, 0.18137, 0.229461], 
              [0.441865, 0.270539, 0.146303, 0.141294], 
              [0.337666, 0.169347, 0.267533, 0.225453], 
              [0.206417, 0.464908, 0.189385, 0.13929], 
              [0.15347, 0.332991, 0.370098, 0.143441], 
              [0.228459, 0.241484, 0.321636, 0.208421], 
              [0.469447, 0.143154, 0.165173, 0.222225], 
              [0.070158, 0.198402, 0.268535, 0.462905], 
              [0.221446, 0.219442, 0.259518, 0.299594], 
              [0.145301, 0.436855, 0.221446, 0.196398], 
              [0.294585, 0.345681, 0.126265, 0.233469], 
              [0.364718, 0.126265, 0.325643, 0.183374], 
              [0.158484, 0.167511, 0.202613, 0.471392], 
              [0.245491, 0.0911979, 0.560089, 0.103221], 
              [0.448878, 0.245491, 0.153317, 0.152315], 
              [0.494965, 0.0891941, 0.147305, 0.268535], 
              [0.0891941, 0.179366, 0.152315, 0.579125], 
              [0.0891051, 0.225227, 0.569538, 0.116129], 
              [0.137286, 0.573114, 0.188383, 0.101217], 
              [0.467914, 0.274547, 0.10823, 0.149309], 
              [0.270539, 0.198402, 0.0811789, 0.44988], 
              [0.0861024, 0.297292, 0.16117, 0.455434], 
              [0.188383, 0.466912, 0.148307, 0.196398], 
              [0.222448, 0.596157, 0.0721618, 0.109232], 
              [0.154319, 0.441865, 0.0461124, 0.357704], 
              [0.183374, 0.686329, 0.0761694, 0.0541276], 
              [0.299594, 0.270539, 0.164338, 0.265529], 
              [0.13915, 0.264263, 0.462441, 0.134146], 
              [0.252758, 0.0942986, 0.516523, 0.13642], 
              [0.203412, 0.0370953, 0.736424, 0.0230687], 
              [0.0370953, 0.030082, 0.924782, 0.00804024], 
              [0.00903314, 0.0430637, 0.919853, 0.0280502], 
              [0.0170573, 0.405796, 0.557083, 0.020063], 
              [0.00303375, 0.0371323, 0.942759, 0.0170743], 
              [0.0150685, 0.669968, 0.253761, 0.0612029], 
              [0.0210859, 0.654924, 0.306915, 0.0170743], 
              [0.378745, 0.233469, 0.319632, 0.0681542], 
              [0.0130497, 0.333659, 0.106226, 0.547064], 
              [0.128269, 0.59215, 0.129271, 0.150311], 
              [0.189385, 0.15532, 0.1974, 0.457895], 
              [0.0821808, 0.18137, 0.131275, 0.605174], 
              [0.0921078, 0.126138, 0.49447, 0.287283], 
              [0.0631447, 0.1443, 0.531034, 0.261522], 
              [0.338005, 0.185563, 0.2327, 0.243732], 
              [0.194395, 0.1443, 0.270539, 0.390768], 
              [0.114242, 0.420825, 0.293583, 0.171351], 
              [0.180368, 0.467914, 0.216436, 0.135282], 
              [0.3557, 0.214433, 0.284566, 0.145301], 
              [0.189385, 0.443869, 0.21844, 0.148307], 
              [0.119251, 0.546062, 0.185377, 0.149309], 
              [0.136284, 0.520013, 0.158326, 0.185377], 
              [0.445872, 0.236474, 0.100215, 0.217438], 
              [0.158326, 0.231465, 0.221446, 0.388764], 
              [0.130403, 0.597758, 0.152467, 0.119371], 
              [0.390157, 0.269807, 0.144444, 0.195592], 
              [0.173355, 0.167343, 0.228459, 0.430844], 
              [0.21844, 0.227457, 0.415815, 0.138288], 
              [0.411808, 0.208421, 0.214433, 0.165339], 
              [0.17218, 0.188194, 0.27227, 0.367355], 
              [0.22345, 0.238478, 0.397781, 0.140292], 
              [0.20161, 0.184561, 0.396174, 0.217656], 
              [0.145156, 0.184191, 0.256255, 0.414398], 
              [0.161332, 0.42884, 0.24449, 0.165339], 
              [0.358063, 0.150461, 0.229691, 0.261784], 
              [0.0982112, 0.287571, 0.201408, 0.41281], 
              [0.170349, 0.246493, 0.478935, 0.104223], 
              [0.214433, 0.180368, 0.373735, 0.231465], 
              [0.154319, 0.272543, 0.413812, 0.159328], 
              [0.218659, 0.39116, 0.244735, 0.145446], 
              [0.144155, 0.356345, 0.230232, 0.269267], 
              [0.109232, 0.140292, 0.314623, 0.435853], 
              [0.151313, 0.173355, 0.448878, 0.226455], 
              [0.129141, 0.238239, 0.503479, 0.129141], 
              [0.169517, 0.187569, 0.226682, 0.416232], 
              [0.135282, 0.363716, 0.372733, 0.128269], 
              [0.230463, 0.188383, 0.192391, 0.388764], 
              [0.180368, 0.175358, 0.421827, 0.222448], 
              [0.359708, 0.209423, 0.209423, 0.221446], 
              [0.355054, 0.150461, 0.309924, 0.184561], 
              [0.164338, 0.467914, 0.228459, 0.13929], 
              [0.321636, 0.184376, 0.291579, 0.20241], 
              [0.170349, 0.209423, 0.271541, 0.348687], 
              [0.205415, 0.479937, 0.178364, 0.136284], 
              [0.185377, 0.266531, 0.18137, 0.366721], 
              [0.163499, 0.230694, 0.480418, 0.125388], 
              [0.132409, 0.438296, 0.286857, 0.142438], 
              [0.387762, 0.305605, 0.200406, 0.106226]
            ]
          }, {
            "db": 0,
            "id": "0003_107_0.7720_-0.5090",
            "len": 144,
            "nsites": 998,
            "pwm": [
              [0.171351, 0.621205, 0.163336, 0.0441086], 
              [0.030052, 0.668627, 0.247247, 0.0540736], 
              [0.0963044, 0.707075, 0.176537, 0.020083], 
              [0.128269, 0.63924, 0.0270763, 0.205415], 
              [0.111236, 0.263526, 0.224452, 0.400787], 
              [0.303602, 0.243488, 0.39177, 0.0611409], 
              [0.179546, 0.489444, 0.132409, 0.198601], 
              [0.198402, 0.217438, 0.522017, 0.0621428], 
              [0.0280782, 0.380749, 0.561091, 0.030082], 
              [0.0340896, 0.647255, 0.0130497, 0.305605], 
              [0.0661504, 0.32364, 0.191389, 0.418821], 
              [0.0411439, 0.353049, 0.403195, 0.202613], 
              [0.216436, 0.687331, 0.0471143, 0.0491181], 
              [0.286569, 0.268535, 0.424832, 0.020063], 
              [0.0650835, 0.16117, 0.358347, 0.415398], 
              [0.040101, 0.237476, 0.312619, 0.409804], 
              [0.0821808, 0.32364, 0.1974, 0.396779], 
              [0.153317, 0.733419, 0.0190611, 0.0942036], 
              [0.601167, 0.200406, 0.0711599, 0.127267], 
              [0.0771713, 0.738428, 0.16033, 0.0240706], 
              [0.0290801, 0.869677, 0.0471143, 0.0541276], 
              [0.504489, 0.159487, 0.162496, 0.173529], 
              [0.121255, 0.651263, 0.205415, 0.0220668], 
              [0.0561314, 0.7234, 0.15532, 0.0651485], 
              [0.150461, 0.0922928, 0.555636, 0.20161], 
              [0.0150535, 0.579125, 0.101217, 0.304604], 
              [0.0240946, 0.404198, 0.440302, 0.131406], 
              [0.120253, 0.192391, 0.479937, 0.207419], 
              [0.0831827, 0.442867, 0.274547, 0.199404], 
              [0.301296, 0.191197, 0.36135, 0.146156], 
              [0.0140516, 0.251503, 0.515003, 0.219442], 
              [0.187381, 0.115244, 0.677312, 0.020063], 
              [0.0321178, 0.922701, 0.0451555, 2.50476e-05], 
              [0.00905114, 0.792323, 0.17754, 0.0210859], 
              [0.130142, 0.620584, 0.143154, 0.10612], 
              [0.00303075, 0.754458, 0.184376, 0.0581352], 
              [0.211427, 0.289575, 0.343678, 0.15532], 
              [0.00303075, 0.626215, 0.129271, 0.241484], 
              [0.180368, 0.166341, 0.649259, 0.00403265], 
              [0.109232, 0.212429, 0.621205, 0.0571333], 
              [0.0110459, 0.342676, 0.635232, 0.0110459], 
              [0.070088, 0.166174, 0.611576, 0.152162], 
              [0.0270493, 0.271269, 0.68264, 0.0190421], 
              [0.0651485, 0.473926, 0.326645, 0.134281], 
              [0.13929, 0.744439, 0.00804024, 0.10823], 
              [0.199404, 0.596157, 0.0621428, 0.142296], 
              [0.0681542, 0.55007, 0.0671523, 0.314623], 
              [0.0461584, 0.331988, 0.580709, 0.0411439], 
              [0.0461124, 0.0871903, 0.616195, 0.250501], 
              [0.0250725, 0.304604, 0.658276, 0.0120478], 
              [0.224677, 0.530564, 0.213645, 0.0311149], 
              [0.0180592, 0.67631, 0.0681542, 0.237476], 
              [0.153317, 0.0541276, 0.651263, 0.141294], 
              [0.0411029, 0.459899, 0.106226, 0.392772], 
              [0.0411029, 0.220444, 0.726405, 0.0120478], 
              [0.224452, 0.656272, 0.0260744, 0.0932017], 
              [0.3026, 0.324642, 0.303602, 0.0691561], 
              [0.203616, 0.199604, 0.510506, 0.0862754], 
              [0.111236, 0.145301, 0.0280782, 0.715384], 
              [0.0911979, 0.622207, 0.0751675, 0.211427], 
              [0.010034, 0.897833, 0.0510709, 0.0410619], 
              [0.106226, 0.205415, 0.431846, 0.256512], 
              [0.0550745, 0.210214, 2.50476e-05, 0.734686], 
              [0.16033, 0.531034, 0.0421048, 0.266531], 
              [0.0973073, 0.198601, 0.694038, 0.010054], 
              [0.00303075, 0.418821, 0.146303, 0.431846], 
              [2.50476e-05, 0.783514, 0.194395, 0.0220668], 
              [0.114357, 0.707075, 0.164502, 0.0140656], 
              [0.142296, 0.825593, 0.0260744, 0.00603645], 
              [0.0581352, 0.938809, 2.50476e-05, 0.00303075], 
              [0.361712, 0.498973, 0.010044, 0.129271], 
              [0.0270763, 0.817578, 0.00102695, 0.154319], 
              [0.0280782, 0.0871903, 0.751453, 0.133279], 
              [0.203412, 0.010044, 0.756462, 0.030082], 
              [2.50476e-05, 0.00503455, 0.951834, 0.0431067], 
              [0.159487, 0.00102795, 0.83946, 2.50476e-05], 
              [0.0311149, 0.00503955, 0.777279, 0.186566], 
              [0.0160714, 0.00203085, 0.874561, 0.107336], 
              [0.00302775, 0.0240466, 0.966895, 0.00603045], 
              [0.00403265, 0.876691, 0.11324, 0.00603645], 
              [0.00403265, 0.232467, 0.76047, 0.00303075], 
              [2.50476e-05, 0.962855, 0.0370953, 2.50476e-05], 
              [0.281278, 0.619583, 0.0991141, 2.50476e-05], 
              [0.163336, 0.783514, 0.0160554, 0.0370953], 
              [0.164502, 0.182555, 0.450331, 0.202613], 
              [0.183374, 0.754458, 0.0431067, 0.0190611], 
              [0.186379, 0.254509, 0.224452, 0.334661], 
              [0.60818, 2.50476e-05, 0.382753, 0.00904214], 
              [0.00302775, 2.50476e-05, 0.954884, 0.0420628], 
              [0.0921078, 0.00102595, 0.906841, 2.50476e-05], 
              [2.50476e-05, 0.0350915, 0.910756, 0.0541276], 
              [0.00202685, 0.184191, 0.813758, 2.50476e-05], 
              [0.163336, 0.0471143, 0.774496, 0.0150535], 
              [0.00603645, 0.784515, 0.186379, 0.0230687], 
              [0.0741656, 0.34468, 0.573114, 0.00804024], 
              [0.030052, 0.26126, 0.00402865, 0.704659], 
              [0.030082, 0.0140516, 0.0320858, 0.92378], 
              [0.764477, 0.0230687, 0.211427, 0.00102695], 
              [0.200205, 0.060079, 0.689646, 0.05007], 
              [0.0230687, 0.199404, 0.115244, 0.662284], 
              [0.0441086, 0.83461, 0.121255, 2.50476e-05], 
              [0.0120478, 0.0521238, 0.770489, 0.165339], 
              [0.0250975, 0.900637, 0.030112, 0.0441526], 
              [0.0581352, 0.791529, 0.142296, 0.00804024], 
              [0.0712319, 0.862527, 0.0471613, 0.0190801], 
              [0.368356, 0.595561, 0.0110349, 0.0250475], 
              [0.0461124, 0.724401, 0.227457, 0.00202885], 
              [0.0250725, 0.873685, 0.0511219, 0.05012], 
              [0.0781732, 0.706367, 0.0431067, 0.172353], 
              [0.387762, 0.557083, 0.00603645, 0.0491181], 
              [0.0170573, 0.555079, 0.389766, 0.0380972], 
              [2.50476e-05, 0.959849, 0.0270763, 0.0130497], 
              [0.21565, 0.312933, 0.0983102, 0.373107], 
              [0.503983, 0.137286, 0.299594, 0.0591371], 
              [0.0481162, 0.423831, 0.148307, 0.379747], 
              [0.281843, 0.327976, 0.0822638, 0.307918], 
              [0.322638, 0.24449, 0.388764, 0.0441086], 
              [0.446426, 0.17218, 0.144155, 0.237238], 
              [0.187381, 0.138288, 0.432848, 0.241484], 
              [0.127394, 0.0973073, 0.582715, 0.192584], 
              [0.0610799, 0.520494, 0.151161, 0.267265], 
              [0.180187, 0.38337, 0.219222, 0.21722], 
              [0.273545, 0.204414, 0.408802, 0.11324], 
              [0.422829, 0.225453, 0.110234, 0.241484], 
              [0.49547, 0.0820988, 0.243244, 0.179186], 
              [0.159487, 0.111348, 0.407206, 0.321959], 
              [0.143298, 0.29759, 0.269537, 0.289575], 
              [0.377743, 0.46591, 0.0761694, 0.080177], 
              [0.106226, 0.309613, 0.409804, 0.174357], 
              [0.324317, 0.325317, 0.0730907, 0.277274], 
              [0.11324, 0.232467, 0.388764, 0.265529], 
              [0.252505, 0.419823, 0.227457, 0.100215], 
              [0.342333, 0.199204, 0.177184, 0.281278], 
              [0.229231, 0.305299, 0.0841006, 0.381368], 
              [0.115244, 0.440863, 0.303602, 0.140292], 
              [0.16049, 0.285854, 0.260781, 0.292875], 
              [0.336664, 0.427838, 0.0641466, 0.171351], 
              [0.140292, 0.411808, 0.306607, 0.141294], 
              [0.250501, 0.254509, 0.294585, 0.200406], 
              [0.090196, 0.183374, 0.522017, 0.204414], 
              [0.175358, 0.603171, 0.0891941, 0.132277], 
              [0.313936, 0.240723, 0.117365, 0.327976], 
              [0.254509, 0.349689, 0.1443, 0.251503], 
              [0.147305, 0.198402, 0.589144, 0.0651485]
            ]
          }, {
            "db": 0,
            "id": "0004_685_2.6622_2.3117",
            "len": 144,
            "nsites": 998,
            "pwm": [
              [0.294585, 0.287571, 0.29759, 0.120253], 
              [0.158484, 0.236711, 0.400186, 0.204619], 
              [0.203616, 0.207627, 0.397177, 0.191581], 
              [0.159328, 0.427838, 0.252505, 0.16033], 
              [0.24449, 0.334661, 0.231465, 0.189385], 
              [0.21844, 0.235472, 0.265529, 0.280558], 
              [0.156165, 0.22823, 0.375362, 0.240241], 
              [0.217656, 0.265795, 0.359066, 0.157481], 
              [0.201408, 0.245491, 0.321636, 0.231465], 
              [0.17636, 0.415815, 0.233469, 0.174357], 
              [0.296588, 0.251503, 0.329651, 0.122257], 
              [0.214433, 0.274547, 0.332657, 0.178364], 
              [0.235472, 0.395777, 0.231465, 0.137286], 
              [0.314623, 0.307609, 0.206417, 0.171351], 
              [0.337328, 0.282279, 0.20621, 0.174182], 
              [0.218659, 0.367089, 0.210636, 0.203616], 
              [0.324317, 0.258257, 0.227229, 0.190196], 
              [0.242729, 0.369095, 0.191581, 0.196595], 
              [0.362351, 0.232234, 0.1952, 0.210214], 
              [0.209423, 0.315624, 0.170349, 0.304604], 
              [0.251503, 0.403793, 0.150311, 0.194395], 
              [0.212429, 0.228459, 0.379747, 0.179366], 
              [0.212429, 0.309613, 0.304604, 0.173355], 
              [0.23948, 0.267533, 0.203412, 0.289575], 
              [0.268535, 0.420825, 0.142296, 0.168345], 
              [0.228459, 0.262524, 0.294585, 0.214433], 
              [0.269537, 0.206417, 0.229461, 0.294585], 
              [0.174357, 0.317628, 0.208421, 0.299594], 
              [0.158484, 0.216653, 0.268804, 0.356057], 
              [0.180187, 0.20621, 0.42841, 0.185191], 
              [0.311617, 0.259518, 0.235472, 0.193393], 
              [0.156322, 0.431846, 0.207419, 0.204414], 
              [0.356345, 0.243244, 0.192198, 0.208212], 
              [0.189385, 0.221446, 0.188383, 0.400787], 
              [0.201408, 0.285567, 0.209423, 0.303602], 
              [0.292581, 0.206417, 0.142296, 0.358706], 
              [0.1443, 0.364718, 0.214433, 0.27655], 
              [0.353697, 0.200406, 0.283564, 0.162334], 
              [0.182372, 0.330653, 0.258516, 0.228459], 
              [0.279556, 0.228459, 0.300596, 0.191389], 
              [0.182372, 0.33967, 0.184376, 0.293583], 
              [0.190387, 0.322638, 0.287571, 0.199404], 
              [0.4078, 0.205415, 0.216436, 0.170349], 
              [0.166507, 0.229691, 0.172526, 0.431276], 
              [0.192198, 0.352342, 0.311305, 0.144155], 
              [0.100316, 0.349037, 0.182555, 0.368092], 
              [0.315624, 0.209423, 0.319632, 0.15532], 
              [0.399183, 0.176537, 0.169517, 0.254764], 
